11 29
16 74 1 48 1
16 268 1 7 1
272 203 1 11 1
1360 140 1 2 1
1456 205 1 3 1
1529 181 3 1 6
1529 405 3 1 6
8 405 3 1 20
272 236 4 1 2
720 108 4 1 4
1392 172 4 0 2
605 190	330 1
608 95 200 1
605 322	265 0	
614 446	330 0	
605 575	138 1
615 697	200 0
605 832	138 1
605 960	138 1
608 1088 200 1
605 1216 138 1
605 1344 200 1
608 1472 200 1
616 416	415 1
616 672	415 1
1009 32	479 1
1000 992 351 1
1000 800 220 1
1000 1056 220 1	
1000 1184 220 1
1000 1440 220 1
1004 288 284 1
1013 928 284 1
1004 1312 284 1
1000 1568 284 1
1004 1696 284 1
1000 160 41 1
1000 416 415 1
1000 672 415 1
401 1250 390 1