11 27
16 74 1 98 1
1392 204 1 3 1
1521 268 1 10 1
1871 202 1 5 1
2800 268 1 17 1
1262 106 4 0 4
1455 235 4 0 2
1875 235 4 1 2
2607 106 4 0 6
3065 242 3 2 10
3065 403 3 2 2
605 188 124 1
605 442 124 1
605 697 124 1
605 953 124 1
606 66 130 1
605 323 130 1	
605 580 130 1
605 833 130 1	
605 1086 130 1
607 1848 130 1
607 2118 130 1
605 2248 130 1
605 2373 130 1
605 2503 130 1
605 2618 130 1
605 1216 130 1
605 1340 431 1
608 1731 431 1
605 1987 431 1
605 2748 306 1
605 2879 431 1
609 1976 496 1
610 3014 496 1
201 300 125 1
801 3080 332 1
202 1408 270 1
650 3084 345 1